3.218876 3.351365 3.41636 3.648963 1.7492
2.365764 3.144902 3.258097 2.084862 3.911153
3.447915 3.499389 3.402646 3.57655 3.2031
3.73352 3.728701 3.637586 3.114481 2.818398
3.454307 3.621438 1.986732 2.639057 2.753384
1.240787 1.575536 1.909543 1.84124 2.772589
2.542258 2.424065 2.727308 2.685577 2.980398
3.141149 2.924505 3.096708 3.196971 2.948815
3.212187 2.846697 1.791759 2.18979 2.874035
2.43285 2.754191 2.745039 2.100061 2.268684
3.034552 2.790654 2.957511 2.242481 1.94591
3.155064 2.571339 2.74084 2.053055 1.396657
2.508922 2.536579 1.94591 1.915696 2.042302
2.942244 2.727308 2.470308 2.183238 2.51904
2.538974 3.115365 2.820883 2.683509 2.424065
1.94591 2.063693 2.255668 2.465786 2.221092
3.364418 2.955344 2.983153 3.133681 2.495269
1.920752 2.850225 1.884541 1.957745 1.485385
1.819158 2.255668 2.558238 2.70805 2.864579
2.561739 1.94591 2.014903 2.647946 2.298029
2.431418 2.335375 2.61496 3.35428 3.849261
3.341093 2.810908 2.025953 2.319114 3.205453
3.346976 3.711449 2.828299 3.599593 2.864579
2.885529 1.858899 2.216364 3.925268 3.140914
3.133681 3.016352
